0.0176405 0.00400157 0.00978738 0.0224089 0.0186756 -0.00977278 0.00950088 -0.00151357 -0.00103219 0.00410599 0.00144044 0.0145427 0.00761038 0.00121675 0.00443863 0.00333674 0.0149408 -0.00205158 0.00313068 -0.00854096 -0.0255299 0.00653619 0.00864436 -0.00742165 0.0226975 -0.0145437 0.000457585 -0.00187184 0.0153278 0.0146936 0.00154947 0.00378163 -0.00887786 -0.019808 -0.00347912 0.00156349 0.0123029 0.0120238 -0.00387327 -0.00302303 -0.0104855 -0.0142002 -0.0170627 0.0195078 -0.00509652 -0.00438074 -0.012528 0.0077749 -0.016139 -0.0021274 -0.00895467 0.00386903 -0.00510805 -0.0118063 -0.000281822 0.00428332 0.000665172 0.00302472 -0.00634322 -0.00362741 -0.0067246 -0.00359553 -0.00813146 -0.0172628 
0.00177426 -0.00401781 -0.016302 0.00462782 -0.00907298 0.000519454 0.00729091 0.00128983 0.011394 -0.0123483 0.00402342 -0.0068481 -0.00870797 -0.0057885 -0.00311553 0.000561653 -0.0116515 0.00900827 0.00465662 -0.0153624 0.0148825 0.0189589 0.0117878 -0.00179925 -0.0107075 0.0105445 -0.00403177 0.0122244 0.00208275 0.00976639 0.00356366 0.00706573 0.000105 0.0178587 0.00126912 0.00401989 0.0188315 -0.0134776 -0.0127049 0.00969397 -0.0117312 0.0194362 -0.00413619 -0.00747455 0.0192294 0.0148051 0.0186756 0.00906045 -0.00861226 0.0191006 -0.00268003 0.00802456 0.00947252 -0.0015501 0.00614079 0.00922207 0.00376426 -0.010994 0.00298238 0.0132639 -0.00694568 -0.00149635 -0.00435154 0.0184926 
---
0 0 0 0 0 0 0 0 0 0 0 0 0 0 0 0 0 0 0 0 0 0 0 0 0 0 0 0 0 0 0 0 0 0 0 0 0 0 0 0 0 0 0 0 0 0 0 0 0 0 0 0 0 0 0 0 0 0 0 0 0 0 0 0 
---
0.00672295 0.00407462 -0.00769916 
0.00539249 -0.00674333 0.000318306 
-0.00635846 0.00676433 0.00576591 
-0.00208299 0.00396007 -0.0109306 
-0.0149126 0.00439392 0.00166673 
0.00635031 0.0238314 0.00944479 
-0.00912822 0.0111702 -0.0131591 
-0.00461585 -0.000682416 0.0171334 
-0.00744755 -0.00826439 -0.000984525 
-0.00663478 0.0112664 -0.0107993 
-0.0114747 -0.0043782 -0.00498032 
0.0192953 0.00949421 0.000875512 
-0.0122544 0.00844363 -0.0100022 
-0.0154477 0.0118803 0.00316943 
0.00920859 0.00318728 0.00856831 
-0.00651026 -0.0103424 0.00681594 
-0.0080341 -0.0068955 -0.00455533 
0.000174792 -0.00353994 -0.0137495 
-0.00643618 -0.022234 0.00625231 
-0.0160206 -0.0110438 0.000521651 
-0.00739563 0.0154301 -0.0129286 
0.00267051 -0.000392828 -0.0116809 
0.00523277 -0.00171546 0.00771791 
0.00823504 0.0216324 0.0133653 
-0.00369182 -0.00239379 0.0109966 
0.00655264 0.00640132 -0.0161696 
-0.000243261 -0.00738031 0.00279925 
-0.000981504 0.00910179 0.00317218 
0.00786328 -0.00466419 -0.00944446 
-0.0041005 -0.000170204 0.00379152 
0.0225931 -0.000422572 -0.00955945 
-0.00345982 -0.00463596 0.00481481 
-0.015408 0.00063262 0.00156507 
0.00232181 -0.00597316 -0.00237922 
-0.0142406 -0.0049332 -0.00542861 
0.0041605 -0.0115618 0.00781198 
0.0149448 -0.0206998 0.00426259 
0.00676908 -0.00637437 -0.00397272 
-0.00132881 -0.00297791 -0.00309013 
-0.01676 0.0115233 0.0107962 
-0.00813364 -0.0146642 0.00521065 
-0.00575788 0.00141953 -0.00319328 
0.00691539 0.00694749 -0.00725597 
-0.0138336 -0.0158294 0.00610379 
-0.0118886 -0.00506816 -0.00596314 
-0.000525673 -0.0193628 0.00188779 
0.00523891 0.000884221 -0.00310886 
0.000974002 0.00399046 -0.0277259 
0.0195591 0.00390093 -0.00652409 
-0.00390953 0.00493742 -0.00116104 
-0.0203068 0.0206449 -0.00110541 
0.0102017 -0.0069205 0.0153638 
0.00286344 0.00608844 -0.0104525 
0.0121115 0.00689818 0.0130185 
-0.00628088 -0.00481027 0.0230392 
-0.0106002 -0.0013595 0.0113689 
0.00097725 0.00582954 -0.00399449 
0.00370056 -0.0130653 0.0165813 
-0.00118164 -0.00680178 0.00666383 
-0.0046072 -0.0133426 -0.0134672 
0.00693773 -0.00159573 -0.00133702 
0.0107774 -0.0112683 -0.00730678 
-0.0038488 0.000943516 -0.000421715 
-0.00286887 -0.000616264 -0.00107305 
---
0 0 0 
---
