1.64355 -0.398438 -0.62207 0.000130177 -1.75195 -2.12109 0.304199 -2.0332 1.86621 1.5332 -0.0283813 2.50977 -1.07129 0.000465393 -0.000332355 -1.2832 -0.70752 0.23938 0.0289612 1.95503e-05 -0.00106239 0.877441 0.613281 -2.85742 -0.000311375 2.55273 0.00043726 -0.662598 0.00020647 -0.00032711 -0.465332 0.000812531 0.000724316 0.00199699 -0.275391 -0.793457 1.82324 0.00025034 -0.452393 0.0305939 -0.000822067 1.07129 0.216309 -8.82149e-05 0.804199 0.000734329 0.00125313 0.000536919 -0.000181198 -1.59863 -1.66211 -0.796387 1.11719 0.758789 0.000393391 0.48999 0.000168324 0.0217133 -0.0162048 -0.0228577 0.335449 -0.627441 -1.00977 2.14453 
0.563965 -1.26074 2.11523 0.000604153 0.197266 -2.09961 1.07031 0.765137 2.5957 0.875 0.0265656 -1.56445 -0.603027 0.000223637 -0.000710487 0.0755005 -1.61328 -1.80664 -0.0087204 -0.000733376 -0.000290394 0.0123062 -1.79004 0.442871 -0.00033474 -1.20605 7.24792e-05 -1.5293 0.00125694 0.000562191 -1.56055 0.000198841 -5.91278e-05 0.000156403 1.03125 -0.488037 -2.03711 -0.000497341 2.12305 0.018631 -0.000701427 0.0726318 -0.727051 0.000409126 -0.990723 -0.00043726 0.0342712 7.86781e-05 0.000205517 -0.62207 -0.291992 1.75391 -2.6875 0.183228 0.00102234 -2.16992 -0.000433922 0.092041 0.00289536 0.0596619 -1.54688 -1.49219 2.41602 0.710449 
---
-1.07129 -0.394287 1.12598 -0.000475407 0.279541 -1.80762 0.231079 -0.237305 -1.82227 -1.02246 0.571289 -0.369385 0.770508 -0.000510216 -0.00102997 0.482178 0.432861 0.387695 0.0107956 -0.000731468 -0.000484943 -0.557129 0.861816 -1.23535 -0.000739574 -1.22559 -0.000974178 0.418945 -0.0012722 -0.000718117 -0.4104 -0.00108814 -0.000729561 0.034668 0.14917 0.570801 0.374023 -0.00073576 0.312988 -0.0211029 -0.00169754 -0.696289 0.0439148 -0.00145912 0.178467 -0.000976086 0.178345 -0.000974178 -0.000727654 -0.441895 -1.12402 -0.77002 -1.52539 0.493164 0.000205994 1.04199 -0.000481129 0.0527954 0.396484 0.452148 0.800293 0.372559 -1.46484 -0.746582 
---
-0.00709534 1.51367 -1.49805 
-1.16504 0.963379 0.223755 
1.95605 -1.94238 1.21582 
-0.000674248 -0.00015831 -0.000902176 
-1.4248 0.936523 0.271973 
1.65625 -3.47266 1.83008 
-0.329346 0.913574 -0.553711 
1.73145 -1.46094 -0.158325 
-0.5625 2.85938 -2.2793 
0.00666809 1.47754 -1.47949 
0.194946 -0.207275 0.107117 
-1.62207 2.63867 -0.661133 
-0.42627 0.957031 -0.532227 
-0.000196457 0.000544548 0.000531197 
-0.00125313 0.000531673 0.00127029 
0.766602 -0.836426 0.493408 
0.632812 -0.962891 0.876953 
0.945312 -1.51758 0.565918 
-0.0101929 0.0191956 -0.00417709 
-0.000502586 0.00129509 4.3869e-05 
0.00014925 -0.000169754 0.00082159 
0.122925 0.664062 -0.782715 
-0.167725 0.890137 -1.23828 
-2.38672 2.50195 -0.0869751 
0.000695229 -0.000244617 -0.000609398 
1.68066 -2.31055 0.664551 
0.00172997 -0.000277519 0.000792503 
0.557129 -1.08398 0.732422 
-0.00138664 0.00172424 0.000920773 
-0.00137329 0.00146675 0.000315905 
-1.03906 1.43164 -0.377686 
0.00190926 -0.000695705 -0.000370502 
-0.000864983 0.000888348 -0.000471592 
-0.00260925 -0.00138474 0.00858307 
-0.400391 0.896484 -0.482422 
-0.228027 0.755371 -0.380615 
1.08105 -2.21289 1.21777 
0.00126076 -0.00104713 -1.14441e-05 
-0.879395 1.8418 -0.949219 
0.00156784 0.0282288 -0.0300751 
-0.000422478 0.000705242 0.000135422 
0.111938 0.858887 -0.967773 
-0.52832 -0.0273438 0.525879 
-0.00111198 0.000869274 -0.00133133 
0.512695 -0.992676 0.706055 
-0.000108719 0.000240326 -0.00120354 
0.0376587 -0.0740967 0.0884399 
-0.000724316 0.000261784 -0.000596046 
0.000483036 9.20296e-05 0.000376225 
0.393799 1.01855 -1.60254 
0.0709839 -1.84863 1.78125 
0.597168 0.877441 -1.69727 
1.93262 -2.875 0.96875 
0.177856 -0.520996 0.678711 
0.00082922 -0.00042963 0.000483036 
-0.41333 1.21289 -1.28223 
0.00105667 -0.000535011 -0.000157356 
0.0184174 -0.0652466 0.0608826 
0.136719 0.00622559 0.0326233 
0.145142 -0.195312 0.0834351 
-0.637695 1.54395 -0.758789 
0.543945 -1.01855 0.887695 
-2.04297 2.30664 -0.251465 
1.15234 -2.16016 1.04785 
---
-2.72656 -0.286865 -0.442871 
---
